[34m[1mtrain: [0mweights=, cfg=/apdcephfs/private_luxiferchen/Tencent_WWF/Tencent_Animal_Surveillance/models/yolov5s.yaml, data=/apdcephfs/private_luxiferchen/Tencent_WWF/Tencent_Animal_Surveillance/configs/top23-p1234-p1-v.yaml, hyp=/apdcephfs/private_luxiferchen/Tencent_WWF/Tencent_Animal_Surveillance/data/hyps/hyp.scratch.yaml, epochs=120, batch_size=64, img_size=[640], rect=False, resume=False, nosave=False, notest=False, noautoanchor=False, evolve=None, bucket=, cache_images=True, image_weights=False, device=, multi_scale=False, single_cls=False, adam=False, sync_bn=False, workers=8, project=/apdcephfs/private_luxiferchen/Tencent_WWF/training_projects/top23-p1234-p1-v/, entity=None, name=b64-ep120-img640-s-wandb-v, exist_ok=False, quad=False, linear_lr=False, label_smoothing=0.0, upload_dataset=False, bbox_interval=-1, save_period=-1, artifact_alias=latest, local_rank=-1
[34m[1mgithub: [0mskipping check (not a git repository), for updates see https://github.com/ultralytics/yolov5

Plotting labels... 

[34m[1mautoanchor: [0mAnalyzing anchors... anchors/target = 4.92, Best Possible Recall (BPR) = 0.9998
                 all       4591      10159   0.000363     0.0118   3.72e-05   8.35e-06
                 all       4591      10159      0.698    0.00301   0.000852   0.000133
WARNING: NMS time limit 10.0s exceeded
                 all       4591      10159      0.766     0.0213    0.00731    0.00185
WARNING: NMS time limit 10.0s exceeded
WARNING: NMS time limit 10.0s exceeded
                 all       4591      10159      0.355     0.0665    0.00363   0.000869
                 all       4591      10159      0.429      0.125      0.022    0.00587
                 all       4591      10159      0.431      0.143     0.0556     0.0174
                 all       4591      10159      0.464      0.207      0.127     0.0439
                 all       4591      10159      0.524      0.201      0.159     0.0619
                 all       4591      10159      0.614      0.185      0.176     0.0665
                 all       4591      10159      0.603      0.235      0.226     0.0879
                 all       4591      10159      0.615      0.254      0.248      0.106
                 all       4591      10159      0.618       0.29      0.307       0.13
                 all       4591      10159      0.633      0.299      0.331      0.143
                 all       4591      10159      0.719       0.28       0.33      0.148
                 all       4591      10159      0.671      0.323      0.367      0.169
                 all       4591      10159      0.709      0.388      0.468      0.229
                 all       4591      10159      0.711       0.39      0.476      0.232
                 all       4591      10159      0.687      0.413      0.462      0.225
                 all       4591      10159       0.73      0.387      0.462      0.229
                 all       4591      10159      0.749      0.429      0.505      0.251
                 all       4591      10159      0.639      0.504      0.543       0.27
                 all       4591      10159      0.653      0.494      0.529      0.273
                 all       4591      10159      0.748      0.493      0.571      0.302
                 all       4591      10159       0.73      0.502      0.572      0.298
                 all       4591      10159      0.732      0.499      0.579      0.307
                 all       4591      10159       0.82      0.507      0.603      0.334
                 all       4591      10159      0.757      0.544       0.62      0.346
                 all       4591      10159      0.841      0.509      0.618      0.339
                 all       4591      10159      0.782       0.55      0.631      0.358
                 all       4591      10159      0.795      0.565      0.643      0.362
                 all       4591      10159      0.835      0.555      0.642       0.37
                 all       4591      10159      0.808      0.551      0.652      0.376
                 all       4591      10159      0.825      0.609        0.7      0.401
                 all       4591      10159      0.844      0.577      0.688      0.396
                 all       4591      10159      0.801      0.612       0.68      0.398
                 all       4591      10159      0.831      0.575      0.685      0.406
                 all       4591      10159      0.785      0.615      0.697      0.406
                 all       4591      10159      0.762      0.627      0.699      0.416
                 all       4591      10159      0.803      0.635        0.7      0.424
                 all       4591      10159      0.823      0.621       0.72      0.433
                 all       4591      10159       0.84      0.641      0.729      0.441
                 all       4591      10159      0.859      0.625      0.728      0.448
                 all       4591      10159      0.866      0.626      0.738      0.454
                 all       4591      10159      0.822      0.663      0.729      0.443
                 all       4591      10159      0.822      0.664      0.732      0.447
                 all       4591      10159      0.843      0.661      0.745      0.458
                 all       4591      10159       0.85      0.664      0.746       0.46
                 all       4591      10159       0.84      0.661      0.744      0.468
                 all       4591      10159      0.824      0.673      0.749      0.462
                 all       4591      10159      0.843      0.652       0.75       0.47
                 all       4591      10159      0.881      0.645      0.751       0.47
                 all       4591      10159      0.824      0.665      0.747       0.47
                 all       4591      10159      0.857      0.634      0.741      0.469
                 all       4591      10159      0.846      0.645      0.741      0.471
                 all       4591      10159      0.827      0.663      0.745      0.477
                 all       4591      10159      0.765      0.692      0.739      0.474
                 all       4591      10159      0.843      0.655      0.745      0.474
                 all       4591      10159      0.825       0.67      0.748      0.477
                 all       4591      10159      0.825      0.677      0.753      0.483
                 all       4591      10159      0.838      0.675      0.756      0.488
                 all       4591      10159       0.84      0.665      0.754      0.492
                 all       4591      10159      0.848      0.658      0.755       0.49
                 all       4591      10159      0.825      0.679      0.757      0.492
                 all       4591      10159       0.83      0.682      0.757      0.493
                 all       4591      10159      0.832      0.683       0.76      0.496
                 all       4591      10159      0.825      0.686      0.761      0.493
                 all       4591      10159      0.892      0.646       0.76      0.498
                 all       4591      10159      0.861      0.666      0.765      0.498
                 all       4591      10159      0.888      0.651      0.764        0.5
                 all       4591      10159      0.879       0.66      0.768      0.504
                 all       4591      10159      0.846      0.685      0.768      0.503
                 all       4591      10159      0.852      0.682      0.769      0.505
                 all       4591      10159      0.873      0.674      0.768      0.505
                 all       4591      10159      0.861      0.682      0.767      0.507
                 all       4591      10159      0.866      0.679      0.767       0.51
                 all       4591      10159      0.872      0.674      0.768       0.51
                 all       4591      10159      0.886      0.664      0.767       0.51
                 all       4591      10159      0.829      0.696      0.767      0.511
                 all       4591      10159      0.843      0.688      0.767      0.511
                 all       4591      10159      0.837      0.692      0.766      0.511
                 all       4591      10159      0.836      0.689      0.766       0.51
                 all       4591      10159      0.831      0.693      0.766      0.511
                 all       4591      10159      0.828      0.701      0.767       0.51
                 all       4591      10159      0.845      0.689      0.767      0.509
                 all       4591      10159       0.85      0.685      0.768       0.51
                 all       4591      10159      0.856       0.68      0.767       0.51
                 all       4591      10159      0.857      0.679      0.767       0.51
                 all       4591      10159      0.861      0.679      0.766      0.509
                 all       4591      10159      0.881      0.665      0.766      0.508
                 all       4591      10159      0.884      0.666      0.766       0.51
                 all       4591      10159      0.884      0.666      0.767      0.509
                 all       4591      10159      0.881      0.668      0.767      0.511
                 all       4591      10159      0.882      0.668      0.767      0.512
                 all       4591      10159      0.878      0.668      0.767      0.511
                 all       4591      10159      0.871       0.67      0.766      0.511
                 all       4591      10159      0.867      0.672      0.766      0.511
                 all       4591      10159      0.875      0.668      0.766      0.511
                 all       4591      10159      0.872       0.67      0.766      0.511
                 all       4591      10159      0.874      0.669      0.766      0.512
                 all       4591      10159      0.875      0.671      0.767      0.512
                 all       4591      10159      0.875      0.671      0.768      0.512
                 all       4591      10159      0.865      0.673      0.766      0.513
                 all       4591      10159      0.869       0.67      0.767      0.514
                 all       4591      10159      0.869       0.67      0.767      0.514
                 all       4591      10159      0.873      0.668      0.766      0.514
                 all       4591      10159      0.872      0.668      0.767      0.514
                 all       4591      10159      0.871      0.668      0.767      0.515
                 all       4591      10159      0.879      0.665      0.767      0.515
                 all       4591      10159      0.879      0.664      0.767      0.515
                 all       4591      10159      0.875      0.665      0.767      0.515
                 all       4591      10159      0.873      0.669      0.768      0.516
                 all       4591      10159      0.874      0.668      0.767      0.516
                 all       4591      10159       0.87       0.67      0.767      0.516
                 all       4591      10159       0.87      0.671      0.768      0.515
                 all       4591      10159       0.87       0.67      0.767      0.515
                 all       4591      10159      0.872      0.669      0.767      0.516
                 all       4591      10159      0.872      0.669      0.767      0.517
                 all       4591      10159      0.871      0.669      0.767      0.517
                 all       4591      10159      0.869       0.67      0.767      0.517
                 all       4591      10159      0.869      0.672      0.768      0.517
           baichunlu       4591        891      0.865      0.475       0.68      0.364
               chihu       4591        163      0.709      0.301      0.348      0.186
     gaoyuanshanchun       4591        599      0.924       0.45      0.564      0.293
           gaoyuantu       4591        189      0.941      0.504      0.658      0.415
             lanmaji       4591       1100      0.829      0.589      0.679      0.318
                  ma       4591        623      0.927      0.624      0.726      0.583
                malu       4591        447      0.899      0.637      0.811      0.556
              maoniu       4591        781      0.837      0.469      0.621      0.418
               mashe       4591        406      0.906      0.746      0.884      0.656
              person       4591        504      0.869      0.583       0.76       0.45
              xuebao       4591        360      0.953      0.559      0.841      0.557
                yang       4591       1978      0.903      0.561      0.696      0.412
             yanyang       4591       1561       0.91      0.534      0.661       0.34
              zanghu       4591        201      0.627      0.692      0.662      0.395
                chai       4591         13      0.651          1      0.979      0.786
               hanta       4591         32      0.987      0.906       0.91      0.676
          huangmomao       4591         17      0.978      0.941      0.952      0.662
                lang       4591         79      0.936      0.797      0.867      0.582
                  lv       4591         26      0.658      0.577      0.723      0.489
                 pao       4591        122      0.887      0.967       0.95      0.806
               sheli       4591         53      0.904      0.849      0.948      0.722
             shidiao       4591          4      0.974          1      0.995      0.561
           zongxiong       4591         10      0.915        0.7      0.744      0.667
Optimizer stripped from /apdcephfs/private_luxiferchen/Tencent_WWF/training_projects/top23-p1234-p1-v/b64-ep120-img640-s-wandb-v/weights/last.pt, 14.5MB
Optimizer stripped from /apdcephfs/private_luxiferchen/Tencent_WWF/training_projects/top23-p1234-p1-v/b64-ep120-img640-s-wandb-v/weights/best.pt, 14.5MB

